0 0.87421875 0.8515625 0.2515625 0.1984375
0 0.63515625 0.903125 0.32578125 0.19375
0 0.34921875 0.8859375 0.340625 0.190625
0 0.11484375 0.8765625 0.2296875 0.215625
0 0.87265625 0.68515625 0.2546875 0.17734375
0 0.63046875 0.73359375 0.28125 0.17421875
0 0.3609375 0.71640625 0.34375 0.18984375
0 0.121875 0.71953125 0.24296875 0.175
0 0.34140625 0.56796875 0.3125 0.16875
0 0.1125 0.57265625 0.225 0.1640625
0 0.8734375 0.5375 0.253125 0.14765625
0 0.621875 0.46953125 0.30625 0.175
0 0.86015625 0.40703125 0.259375 0.18515625
0 0.84140625 0.2671875 0.30546875 0.196875
0 0.8140625 0.12578125 0.2578125 0.16484375
0 0.9546875 0.13046875 0.090625 0.1296875
0 0.5828125 0.3359375 0.23046875 0.146875
0 0.56875 0.21953125 0.23125 0.14453125
0 0.5765625 0.096875 0.2796875 0.1296875
0 0.353125 0.42890625 0.31328125 0.1578125
0 0.11640625 0.4328125 0.2328125 0.1578125
0 0.1203125 0.30703125 0.23984375 0.14453125
0 0.3390625 0.309375 0.26328125 0.14453125
0 0.11484375 0.19296875 0.2296875 0.1328125
0 0.11796875 0.09296875 0.2359375 0.1453125
0 0.35390625 0.20625 0.27734375 0.14140625
0 0.34609375 0.1 0.25859375 0.12265625