0 0.73359375 0.12890625 0.528125 0.2296875
0 0.73359375 0.34765625 0.5296875 0.20546875
0 0.41796875 0.24765625 0.7125 0.20859375
0 0.753125 0.53125 0.490625 0.19609375
0 0.7734375 0.7203125 0.44921875 0.19765625
0 0.46328125 0.83671875 0.63203125 0.1984375
0 0.4046875 0.4453125 0.61953125 0.2015625
0 0.5265625 0.075 0.78515625 0.15
0 0.471875 0.64375 0.65 0.20546875
0 0.796875 0.8703125 0.40078125 0.1359375
0 0.22109375 0.559375 0.440625 0.21171875
0 0.175 0.16875 0.35 0.203125
0 0.18515625 0.76015625 0.36875 0.1953125