0 0.8453125 0.5140625 0.153125 0.04765625
0 0.734375 0.2546875 0.1546875 0.04765625
0 0.553125 0.4015625 0.11640625 0.0390625
0 0.153125 0.21640625 0.1375 0.0609375
0 0.25625 0.77265625 0.12890625 0.12265625
0 0.43359375 0.1890625 0.146875 0.0453125
0 0.49375 0.77421875 0.1578125 0.04921875
0 0.26484375 0.328125 0.12578125 0.059375
0 0.275 0.453125 0.12578125 0.0890625
0 0.634375 0.69609375 0.1578125 0.0453125
0 0.54765625 0.23828125 0.128125 0.05078125
0 0.07734375 0.41328125 0.1359375 0.0609375
0 0.39375 0.6890625 0.12421875 0.08984375
0 0.11015625 0.50390625 0.14453125 0.07890625
0 0.41015625 0.49453125 0.12109375 0.115625
0 0.2671875 0.55625 0.15234375 0.10703125
0 0.07421875 0.60390625 0.0953125 0.10546875
0 0.5328125 0.8578125 0.146875 0.06796875
0 0.03671875 0.284375 0.0734375 0.084375