0 0.64765625 0.534375 0.41328125 0.2109375
0 0.10234375 0.15234375 0.20390625 0.20078125
0 0.18046875 0.8140625 0.3609375 0.23984375
0 0.89921875 0.271875 0.19765625 0.20078125
0 0.36015625 0.771875 0.43984375 0.27421875
0 0.12890625 0.4140625 0.2578125 0.19140625
0 0.84453125 0.11484375 0.30703125 0.146875
0 0.45234375 0.0859375 0.365625 0.1375
0 0.67890625 0.8515625 0.26640625 0.27734375
0 0.21015625 0.328125 0.321875 0.15703125
0 0.4984375 0.4984375 0.996875 0.996875
0 0.3578125 0.2203125 0.37265625 0.16171875
0 0.65 0.11796875 0.1078125 0.23515625
0 0.85625 0.6265625 0.284375 0.20859375
0 0.075 0.92890625 0.15 0.1375